Timecode List:,00:00:10.677,00:00:13.263,00:00:14.223,00:00:16.558,00:00:17.267,00:00:21.855,00:00:23.106,00:00:28.987,00:00:36.620,00:00:42.084,00:00:48.298,00:00:50.008,00:00:50.759,00:00:52.344,00:00:53.971,00:00:56.181,00:01:04.189,00:01:05.899,00:01:07.359,00:01:10.028,00:01:11.446,00:01:12.781,00:01:15.075,00:01:16.743,00:01:23.458,00:01:24.543,00:01:25.168,00:01:26.503,00:01:30.674,00:01:34.553,00:01:36.513,00:01:40.642,00:01:41.268,00:01:42.894,00:01:44.646,00:01:46.732,00:01:53.780,00:01:55.949,00:02:00.329,00:02:03.457,00:02:05.208,00:02:06.168,00:02:07.294,00:02:08.378,00:02:10.088,00:02:11.798,00:02:14.343,00:02:15.677,00:02:16.511,00:02:17.763,00:02:20.432,00:02:24.102,00:02:27.689,00:02:28.523,00:02:29.483,00:02:31.026,00:02:31.651,00:02:33.862,00:02:38.200,00:02:40.535,00:02:42.371,00:02:45.374,00:02:46.750,00:02:49.961,00:02:55.384,00:02:56.927,00:02:59.388,00:03:00.138,00:03:03.725,00:03:06.144,00:03:09.439,00:03:11.483,00:03:17.114,00:03:20.534,00:03:22.452,00:03:23.995,00:03:27.165,00:03:29.000,00:03:31.044,00:03:32.003,00:03:32.712,00:03:34.131,00:03:36.341,00:03:38.677,00:03:39.511,00:03:41.179,00:03:43.557,00:03:48.812,00:03:49.438,00:03:53.442,00:03:55.861,00:03:59.114,00:04:00.866,00:04:07.247,00:04:10.584,00:04:13.336,00:04:14.546,00:04:18.717,00:04:22.304,00:04:22.971,00:04:23.680,00:04:28.185,00:04:35.484,00:04:37.360,00:04:38.778,00:04:46.161
Scene Number,Start Frame,Start Timecode,Start Time (seconds),End Frame,End Timecode,End Time (seconds),Length (frames),Length (timecode),Length (seconds)
1,0,00:00:00.000,0.000,256,00:00:10.677,10.677,256,00:00:10.677,10.677
2,256,00:00:10.677,10.677,318,00:00:13.263,13.263,62,00:00:02.586,2.586
3,318,00:00:13.263,13.263,341,00:00:14.223,14.223,23,00:00:00.959,0.959
4,341,00:00:14.223,14.223,397,00:00:16.558,16.558,56,00:00:02.336,2.336
5,397,00:00:16.558,16.558,414,00:00:17.267,17.267,17,00:00:00.709,0.709
6,414,00:00:17.267,17.267,524,00:00:21.855,21.855,110,00:00:04.588,4.588
7,524,00:00:21.855,21.855,554,00:00:23.106,23.106,30,00:00:01.251,1.251
8,554,00:00:23.106,23.106,695,00:00:28.987,28.987,141,00:00:05.881,5.881
9,695,00:00:28.987,28.987,878,00:00:36.620,36.620,183,00:00:07.633,7.633
10,878,00:00:36.620,36.620,1009,00:00:42.084,42.084,131,00:00:05.464,5.464
11,1009,00:00:42.084,42.084,1158,00:00:48.298,48.298,149,00:00:06.215,6.215
12,1158,00:00:48.298,48.298,1199,00:00:50.008,50.008,41,00:00:01.710,1.710
13,1199,00:00:50.008,50.008,1217,00:00:50.759,50.759,18,00:00:00.751,0.751
14,1217,00:00:50.759,50.759,1255,00:00:52.344,52.344,38,00:00:01.585,1.585
15,1255,00:00:52.344,52.344,1294,00:00:53.971,53.971,39,00:00:01.627,1.627
16,1294,00:00:53.971,53.971,1347,00:00:56.181,56.181,53,00:00:02.211,2.211
17,1347,00:00:56.181,56.181,1539,00:01:04.189,64.189,192,00:00:08.008,8.008
18,1539,00:01:04.189,64.189,1580,00:01:05.899,65.899,41,00:00:01.710,1.710
19,1580,00:01:05.899,65.899,1615,00:01:07.359,67.359,35,00:00:01.460,1.460
20,1615,00:01:07.359,67.359,1679,00:01:10.028,70.028,64,00:00:02.669,2.669
21,1679,00:01:10.028,70.028,1713,00:01:11.446,71.446,34,00:00:01.418,1.418
22,1713,00:01:11.446,71.446,1745,00:01:12.781,72.781,32,00:00:01.335,1.335
23,1745,00:01:12.781,72.781,1800,00:01:15.075,75.075,55,00:00:02.294,2.294
24,1800,00:01:15.075,75.075,1840,00:01:16.743,76.743,40,00:00:01.668,1.668
25,1840,00:01:16.743,76.743,2001,00:01:23.458,83.458,161,00:00:06.715,6.715
26,2001,00:01:23.458,83.458,2027,00:01:24.543,84.543,26,00:00:01.084,1.084
27,2027,00:01:24.543,84.543,2042,00:01:25.168,85.168,15,00:00:00.626,0.626
28,2042,00:01:25.168,85.168,2074,00:01:26.503,86.503,32,00:00:01.335,1.335
29,2074,00:01:26.503,86.503,2174,00:01:30.674,90.674,100,00:00:04.171,4.171
30,2174,00:01:30.674,90.674,2267,00:01:34.553,94.553,93,00:00:03.879,3.879
31,2267,00:01:34.553,94.553,2314,00:01:36.513,96.513,47,00:00:01.960,1.960
32,2314,00:01:36.513,96.513,2413,00:01:40.642,100.642,99,00:00:04.129,4.129
33,2413,00:01:40.642,100.642,2428,00:01:41.268,101.268,15,00:00:00.626,0.626
34,2428,00:01:41.268,101.268,2467,00:01:42.894,102.894,39,00:00:01.627,1.627
35,2467,00:01:42.894,102.894,2509,00:01:44.646,104.646,42,00:00:01.752,1.752
36,2509,00:01:44.646,104.646,2559,00:01:46.732,106.732,50,00:00:02.085,2.085
37,2559,00:01:46.732,106.732,2728,00:01:53.780,113.780,169,00:00:07.049,7.049
38,2728,00:01:53.780,113.780,2780,00:01:55.949,115.949,52,00:00:02.169,2.169
39,2780,00:01:55.949,115.949,2885,00:02:00.329,120.329,105,00:00:04.379,4.379
40,2885,00:02:00.329,120.329,2960,00:02:03.457,123.457,75,00:00:03.128,3.128
41,2960,00:02:03.457,123.457,3002,00:02:05.208,125.208,42,00:00:01.752,1.752
42,3002,00:02:05.208,125.208,3025,00:02:06.168,126.168,23,00:00:00.959,0.959
43,3025,00:02:06.168,126.168,3052,00:02:07.294,127.294,27,00:00:01.126,1.126
44,3052,00:02:07.294,127.294,3078,00:02:08.378,128.378,26,00:00:01.084,1.084
45,3078,00:02:08.378,128.378,3119,00:02:10.088,130.088,41,00:00:01.710,1.710
46,3119,00:02:10.088,130.088,3160,00:02:11.798,131.798,41,00:00:01.710,1.710
47,3160,00:02:11.798,131.798,3221,00:02:14.343,134.343,61,00:00:02.544,2.544
48,3221,00:02:14.343,134.343,3253,00:02:15.677,135.677,32,00:00:01.335,1.335
49,3253,00:02:15.677,135.677,3273,00:02:16.511,136.511,20,00:00:00.834,0.834
50,3273,00:02:16.511,136.511,3303,00:02:17.763,137.763,30,00:00:01.251,1.251
51,3303,00:02:17.763,137.763,3367,00:02:20.432,140.432,64,00:00:02.669,2.669
52,3367,00:02:20.432,140.432,3455,00:02:24.102,144.102,88,00:00:03.670,3.670
53,3455,00:02:24.102,144.102,3541,00:02:27.689,147.689,86,00:00:03.587,3.587
54,3541,00:02:27.689,147.689,3561,00:02:28.523,148.523,20,00:00:00.834,0.834
55,3561,00:02:28.523,148.523,3584,00:02:29.483,149.483,23,00:00:00.959,0.959
56,3584,00:02:29.483,149.483,3621,00:02:31.026,151.026,37,00:00:01.543,1.543
57,3621,00:02:31.026,151.026,3636,00:02:31.651,151.651,15,00:00:00.626,0.626
58,3636,00:02:31.651,151.651,3689,00:02:33.862,153.862,53,00:00:02.211,2.211
59,3689,00:02:33.862,153.862,3793,00:02:38.200,158.200,104,00:00:04.338,4.338
60,3793,00:02:38.200,158.200,3849,00:02:40.535,160.535,56,00:00:02.336,2.336
61,3849,00:02:40.535,160.535,3893,00:02:42.371,162.371,44,00:00:01.835,1.835
62,3893,00:02:42.371,162.371,3965,00:02:45.374,165.374,72,00:00:03.003,3.003
63,3965,00:02:45.374,165.374,3998,00:02:46.750,166.750,33,00:00:01.376,1.376
64,3998,00:02:46.750,166.750,4075,00:02:49.961,169.961,77,00:00:03.212,3.212
65,4075,00:02:49.961,169.961,4205,00:02:55.384,175.384,130,00:00:05.422,5.422
66,4205,00:02:55.384,175.384,4242,00:02:56.927,176.927,37,00:00:01.543,1.543
67,4242,00:02:56.927,176.927,4301,00:02:59.388,179.388,59,00:00:02.461,2.461
68,4301,00:02:59.388,179.388,4319,00:03:00.138,180.138,18,00:00:00.751,0.751
69,4319,00:03:00.138,180.138,4405,00:03:03.725,183.725,86,00:00:03.587,3.587
70,4405,00:03:03.725,183.725,4463,00:03:06.144,186.144,58,00:00:02.419,2.419
71,4463,00:03:06.144,186.144,4542,00:03:09.439,189.439,79,00:00:03.295,3.295
72,4542,00:03:09.439,189.439,4591,00:03:11.483,191.483,49,00:00:02.044,2.044
73,4591,00:03:11.483,191.483,4726,00:03:17.114,197.114,135,00:00:05.631,5.631
74,4726,00:03:17.114,197.114,4808,00:03:20.534,200.534,82,00:00:03.420,3.420
75,4808,00:03:20.534,200.534,4854,00:03:22.452,202.452,46,00:00:01.919,1.919
76,4854,00:03:22.452,202.452,4891,00:03:23.995,203.995,37,00:00:01.543,1.543
77,4891,00:03:23.995,203.995,4967,00:03:27.165,207.165,76,00:00:03.170,3.170
78,4967,00:03:27.165,207.165,5011,00:03:29.000,209.000,44,00:00:01.835,1.835
79,5011,00:03:29.000,209.000,5060,00:03:31.044,211.044,49,00:00:02.044,2.044
80,5060,00:03:31.044,211.044,5083,00:03:32.003,212.003,23,00:00:00.959,0.959
81,5083,00:03:32.003,212.003,5100,00:03:32.712,212.712,17,00:00:00.709,0.709
82,5100,00:03:32.712,212.712,5134,00:03:34.131,214.131,34,00:00:01.418,1.418
83,5134,00:03:34.131,214.131,5187,00:03:36.341,216.341,53,00:00:02.211,2.211
84,5187,00:03:36.341,216.341,5243,00:03:38.677,218.677,56,00:00:02.336,2.336
85,5243,00:03:38.677,218.677,5263,00:03:39.511,219.511,20,00:00:00.834,0.834
86,5263,00:03:39.511,219.511,5303,00:03:41.179,221.179,40,00:00:01.668,1.668
87,5303,00:03:41.179,221.179,5360,00:03:43.557,223.557,57,00:00:02.377,2.377
88,5360,00:03:43.557,223.557,5486,00:03:48.812,228.812,126,00:00:05.255,5.255
89,5486,00:03:48.812,228.812,5501,00:03:49.438,229.438,15,00:00:00.626,0.626
90,5501,00:03:49.438,229.438,5597,00:03:53.442,233.442,96,00:00:04.004,4.004
91,5597,00:03:53.442,233.442,5655,00:03:55.861,235.861,58,00:00:02.419,2.419
92,5655,00:03:55.861,235.861,5733,00:03:59.114,239.114,78,00:00:03.253,3.253
93,5733,00:03:59.114,239.114,5775,00:04:00.866,240.866,42,00:00:01.752,1.752
94,5775,00:04:00.866,240.866,5928,00:04:07.247,247.247,153,00:00:06.381,6.381
95,5928,00:04:07.247,247.247,6008,00:04:10.584,250.584,80,00:00:03.337,3.337
96,6008,00:04:10.584,250.584,6074,00:04:13.336,253.336,66,00:00:02.753,2.753
97,6074,00:04:13.336,253.336,6103,00:04:14.546,254.546,29,00:00:01.210,1.210
98,6103,00:04:14.546,254.546,6203,00:04:18.717,258.717,100,00:00:04.171,4.171
99,6203,00:04:18.717,258.717,6289,00:04:22.304,262.304,86,00:00:03.587,3.587
100,6289,00:04:22.304,262.304,6305,00:04:22.971,262.971,16,00:00:00.667,0.667
101,6305,00:04:22.971,262.971,6322,00:04:23.680,263.680,17,00:00:00.709,0.709
102,6322,00:04:23.680,263.680,6430,00:04:28.185,268.185,108,00:00:04.504,4.504
103,6430,00:04:28.185,268.185,6605,00:04:35.484,275.484,175,00:00:07.299,7.299
104,6605,00:04:35.484,275.484,6650,00:04:37.360,277.360,45,00:00:01.877,1.877
105,6650,00:04:37.360,277.360,6684,00:04:38.778,278.778,34,00:00:01.418,1.418
106,6684,00:04:38.778,278.778,6861,00:04:46.161,286.161,177,00:00:07.382,7.382
107,6861,00:04:46.161,286.161,7097,00:04:56.004,296.004,236,00:00:09.843,9.843
